3.069970011711120605e-02
2.920118160545825958e-03
-4.638823866844177246e-02
-7.351074833422899246e-03
-1.144738197326660156e-01
-9.501046687364578247e-02
-8.661514520645141602e-02
1.110946834087371826e-01
8.854271471500396729e-02
-4.079760611057281494e-02
-9.132049977779388428e-02
-8.789170533418655396e-02
3.385651111602783203e-02
1.339206844568252563e-01
3.437063843011856079e-02
4.521267488598823547e-02
-1.082073748111724854e-01
8.590371906757354736e-02
6.423107534646987915e-02
-8.608138561248779297e-02
9.207871556282043457e-02
-4.143894091248512268e-02
-1.260055303573608398e-01
-6.277418881654739380e-02
5.632330104708671570e-02
5.790663510560989380e-02
-1.120858415961265564e-01
1.094983741641044617e-01
-4.536575824022293091e-02
-3.757559880614280701e-02
-6.350053846836090088e-02
8.334131538867950439e-02
-7.901664078235626221e-02
8.834468573331832886e-02
1.544121745973825455e-02
-4.487619921565055847e-02
6.578994542360305786e-02
1.047534793615341187e-01
-1.029177829623222351e-01
4.407587647438049316e-02
-6.004654988646507263e-02
9.894792735576629639e-02
9.859483689069747925e-02
1.200313344597816467e-01
-8.839716017246246338e-02
-5.652132630348205566e-02
-8.785768598318099976e-02
6.988413631916046143e-02
-9.254727512598037720e-03
2.465351298451423645e-02
1.644711568951606750e-02
-1.016140878200531006e-01
1.505172699689865112e-01
4.492899030447006226e-02
-9.265991300344467163e-02
3.834518045186996460e-02
-1.122839376330375671e-01
6.054722145199775696e-02
-6.482993066310882568e-02
-7.232925295829772949e-02
-1.047798991203308105e-01
-8.954644203186035156e-03
1.307562291622161865e-01
4.729333519935607910e-02
2.682881057262420654e-02
7.006257772445678711e-02
6.861522048711776733e-02
7.555105537176132202e-02
-8.873575180768966675e-02
-4.855450987815856934e-02
8.244516700506210327e-02
1.011728495359420776e-01
-1.519516408443450928e-01
-9.625610709190368652e-02
-4.272552207112312317e-02
9.428687393665313721e-03
6.313654780387878418e-02
-8.484358340501785278e-02
5.163521692156791687e-02
6.786969304084777832e-02
3.775493241846561432e-03
1.247650664299726486e-02
-4.554656893014907837e-02
-5.922188609838485718e-02
1.004783087410032749e-03
-1.065976023674011230e-01
3.178121894598007202e-02
-9.791877865791320801e-02
1.184131205081939697e-01
-8.299178630113601685e-02
-9.410861879587173462e-02
3.180491179227828979e-02
7.429035753011703491e-02
4.769797623157501221e-02
2.281413972377777100e-02
4.095287993550300598e-02
1.884492300450801849e-02
7.811710983514785767e-02
7.998591661453247070e-02
1.229464411735534668e-01
-7.105825841426849365e-02
-4.467696323990821838e-02
-6.276299059391021729e-02
1.034724339842796326e-01
-3.533445531502366066e-03
1.051791012287139893e-01
1.675124280154705048e-02
2.701743878424167633e-02
9.689645469188690186e-02
2.524319337680935860e-03
-1.407323330640792847e-01
6.931215524673461914e-02
1.033678799867630005e-01
6.815443187952041626e-02
6.658374518156051636e-02
-6.042901054024696350e-02
4.648747667670249939e-02
6.889349967241287231e-02
-1.350879967212677002e-01
6.758158653974533081e-02
4.904616624116897583e-02
-9.459158033132553101e-02
-7.866849005222320557e-02
-1.010334268212318420e-01
-6.080544088035821915e-03
-8.105646818876266479e-02
1.347066313028335571e-01
4.116883128881454468e-02
3.603843599557876587e-02
4.683937504887580872e-02
-1.247205659747123718e-01
-4.182808473706245422e-02
-1.134837865829467773e-01
-8.050981909036636353e-02
5.974009260535240173e-02
6.419312208890914917e-02
-2.228282857686281204e-03
5.837643146514892578e-02
-7.065923418849706650e-03
5.742565169930458069e-02
-6.484342366456985474e-02
7.226023077964782715e-02
1.234264764934778214e-02
-1.036032736301422119e-01
5.239604413509368896e-02
-7.882832735776901245e-02
-1.255515068769454956e-01
7.402825355529785156e-02
-1.355996280908584595e-01
-1.004995033144950867e-01
7.459282130002975464e-02
-6.948211789131164551e-02
-5.474327504634857178e-02
7.128254324197769165e-02
-6.504874676465988159e-02
-7.951249927282333374e-02
-6.569641083478927612e-02
7.028504461050033569e-02
8.566099405288696289e-02
9.126391261816024780e-02
-8.017012476921081543e-02
-9.888964146375656128e-02
8.905012160539627075e-02
9.901829808950424194e-02
9.271957725286483765e-02
-5.076214671134948730e-02
1.118152290582656860e-01
9.029304236173629761e-02
-1.579857082106173038e-03
4.828224703669548035e-02
-1.496291812509298325e-02
3.961204737424850464e-02
4.922534897923469543e-02
-1.599931567907333374e-01
6.280551105737686157e-02
6.543202698230743408e-02
-7.719371467828750610e-02
7.574430108070373535e-02
-1.243431121110916138e-01
1.686249859631061554e-02
6.341677159070968628e-02
1.357185244560241699e-01
-4.249690100550651550e-04
-1.163376495242118835e-01
8.667829632759094238e-02
7.468421757221221924e-02
-1.044630035758018494e-01
-9.684473276138305664e-02
7.634419202804565430e-02
-7.970024645328521729e-02
-5.411501973867416382e-02
-1.521795801818370819e-02
-2.308115176856517792e-02
8.582137525081634521e-02
-4.637607187032699585e-02
-1.280054450035095215e-01
-1.122822090983390808e-01
9.795080870389938354e-02
-1.482869833707809448e-01
-1.922015994787216187e-01
-2.468684688210487366e-02
-3.463258966803550720e-02
3.932318463921546936e-02
-8.207044005393981934e-02
-2.250290662050247192e-02
-4.141444340348243713e-02
-7.500876486301422119e-02
3.320516645908355713e-02
-1.124028712511062622e-01
6.546339020133018494e-03
6.183531880378723145e-02
-7.781770825386047363e-02
-2.527530305087566376e-02
1.146609559655189514e-01
-8.157167467288672924e-04
8.579327166080474854e-02
-9.336953610181808472e-02
-8.306717127561569214e-02
5.642650276422500610e-02
-4.163729771971702576e-02
5.770623683929443359e-02
-6.803330779075622559e-02
4.460015892982482910e-02
6.726072728633880615e-02
-4.539830237627029419e-02
2.611258625984191895e-02
-5.902247503399848938e-02
5.935942381620407104e-02
-7.245663553476333618e-02
-4.884133860468864441e-02
3.523047640919685364e-02
7.511600852012634277e-02
1.947589777410030365e-02
1.904031261801719666e-02
-1.243209242820739746e-01
-5.973847582936286926e-02
-8.267216384410858154e-02
8.816468715667724609e-02
8.758544921875000000e-02
6.623185425996780396e-02
7.635381072759628296e-02
-6.117638573050498962e-02
4.935581609606742859e-02
-1.195994317531585693e-01
-8.276177942752838135e-02
4.118265211582183838e-02
-1.169450730085372925e-01
-5.679642036557197571e-02
-1.194583177566528320e-01
4.190555959939956665e-02
2.338698320090770721e-02
4.209398478269577026e-02
1.322417613118886948e-02
3.980052098631858826e-02
-1.083781793713569641e-01
-6.008243933320045471e-02
